0 197500016
1 198300064
2 199603003
3 199801016
4 200001279
5 200905196
6 201206383
7 201307583
8 201308385
9 201309481
10 201500041
11 201508272
12 201600779
13 201603070
14 201603090
15 201603091
16 201603092
17 201603093
18 201603113
19 201603130
20 201603141
21 201603178
22 201603208
23 201603234
24 201603239
25 201603250
26 201603293
27 201603317
28 201603334
29 201603342
30 201603368
31 201603369
32 201603377
33 201603416
34 201603462
35 201603585
36 201603601
37 201603611
38 201603623
39 201603671
40 201603676
41 201603681
42 201603682
43 201603690
44 201603713
45 201603723
46 201603747
47 201603775
48 201603805
49 201603883
50 201603911
51 201603928
52 201603933
53 201603934
54 201603947
55 201603956
56 201603989
57 201604078
58 201604091
59 201604100
60 201604109
61 201604113
62 201604119
63 201604152
64 201604164
65 201604209
66 201604211
67 201604350
68 201604367
69 201604378
70 201604409
71 201604413
72 201604521
73 201604598
74 201604621
75 201604623
76 201604638
77 201604641
78 201604650
79 201604674
80 201604678
81 201604697
82 201604701
83 201604721
84 201604917
85 201605007
86 201605048
87 201605099
88 201605325
89 201605326
90 201605331
91 201605333
92 201605341
93 201605433
94 201605486
95 201605499
96 201605665
97 201605694
98 201605724
99 201605819
100 201605851
101 201605856
102 201605943
103 201605978
104 201605995
105 201606123
106 201606139
107 201606148
108 201606244
109 201606340
110 201606414
111 201606425
112 201606430
113 201606516
114 201606621
115 201606641
116 201606805
117 201606824
118 201606922
119 201606935
120 201607031
121 201607041
122 201607058
123 201607127
124 201607154
125 201607398
126 201607401
127 201700144
128 201700293
129 201700418
130 201700500
131 201700501
132 201700502
133 201700503
134 201700504
135 201700506
136 201700518
137 201700539
138 201700567
139 201700621
140 201700622
141 201700722
142 201700906
143 201700907
144 201700909
145 201700920
146 201701023
147 201701057
148 201701082
149 201701108
150 201701138
151 201701155
152 201701161
153 201701163
154 201701182
155 201701186
156 201701233
157 201701285
158 201701290
159 201701296
160 201701300
161 201701341
162 201701343
163 201701380
164 201701413
165 201701416
166 201701459
167 201701460
168 201701474
169 201701475
170 201701476
171 201701477
172 201701511
173 201701548
174 201701568
175 201701877
176 201701882
177 201701903
178 201701974
179 201702015
180 201702068
181 201702069
182 201702076
183 201702125
184 201702128
185 201702134
186 201702136
187 201702149
188 201702182
189 201702210
190 201702211
191 201702219
192 201702244
193 201702246
194 201702285
195 201702297
196 201702390
197 201702411
198 201702418
199 201702436
200 201702527
201 201702528
202 201702566
203 201702610
204 201702621
205 201702622
206 201702673
207 201702674
208 201702682
209 201702734
210 201702735
211 201702779
212 201702780
213 201702789
214 201702790
215 201702795
216 201703064
217 201703991
218 201704017
219 201704541
220 201704542
221 201704753
222 201704782
223 201704835
224 201704845
225 201705159
226 201705175
227 201705217
228 201705252
229 201705254
230 201705255
231 201705256
232 201705257
233 201705483
234 201705491
235 201705505
236 201705508
237 201705676
238 201705684
239 201705686
240 201705687
241 201705772
242 201705789
243 201705790
244 201706142
245 201706143
246 201706147
247 201706160
248 201706161
249 201706175
250 201706199
251 201706222
252 201706350
253 201706376
254 201706382
255 201706394
256 201706415
257 201706473
258 201706490
259 201706553
260 201706582
261 201706583
262 201706584
263 201706656
264 201706676
265 201706677
266 201706678
267 201706687
268 201706737
269 201706740
270 201706789
271 201706818
272 201706825
273 201706842
274 201706849
275 201706860
276 201706865
277 201706869
278 201706955
279 201707030
280 201707038
281 201707098
282 201707212
283 201707234
284 201707236
285 201707248
286 201707276
287 201707302
288 201707307
289 201707455
290 201707504
291 201707523
292 201707534
293 201707535
294 201707588
295 201707601
296 201707606
297 201707657
298 201707673
299 201707674
300 201707853
301 201707937
302 201707943
303 201707965
304 201708036
305 201708055
306 201708080
307 201708085
308 201708091
309 201708095
310 201708204
311 201708277
312 201708496
313 201708542
314 201708567
315 201708608
316 201708634
317 201708636
318 201708637
319 201800016
320 201800048
321 201800123
322 201800124
323 201800131
324 201800133
325 201800201
326 201800231
327 201800239
328 201800300
329 201800353
330 201800511
331 201800568
332 201800640
333 201800670
334 201800671
335 201800675
336 201800719
337 201800720
338 201800787
339 201800791
340 201800813
341 201800834
342 201800836
343 201800845
344 201800911
345 201800928
346 201800929
347 201800964
348 201801020
349 201801073
350 201801085
351 201801102
352 201801145
353 201801160
354 201801170
355 201801179
356 201801266
357 201801268
358 201801271
359 201801286
360 201801343
361 201801344
362 201801355
363 201801356
364 201801429
365 201801497
366 201801561
367 201801648
368 201801702
369 201801714
370 201801725
371 201801826
372 201801832
373 201801833
374 201801839
375 201801843
376 201801898
377 201801908
378 201801922
379 201801926
380 201801963
381 201802050
382 201802085
383 201802138
384 201802146
385 201802163
386 201802174
387 201802184
388 201802254
389 201802397
390 201802398
391 201802417
392 201802446
393 201802531
394 201802534
395 201802560
396 201802561
397 201802562
398 201802652
399 201802665
400 201802672
401 201802673
402 201802678
403 201802693
404 201802700
405 201802746
406 201802815
407 201802819
408 201802849
409 201802851
410 201802877
411 201802909
412 201802931
413 201802994
414 201803000
415 201803041
416 201803065
417 201803080
418 201803093
419 201803122
420 201803126
421 201803160
422 201803162
423 201803206
424 201803207
425 201803208
426 201803236
427 201803263
428 201803289
429 201803349
430 201803367
431 201803371
432 201803380
433 201803431
434 201803492
435 201803494
436 201803495
437 201803501
438 201803560
439 201803562
440 201803579
441 201803634
442 201803636
443 201803649
444 201803667
445 201803698
446 201803699
447 201803732
448 201803766
449 201803801
450 201803828
451 201803829
452 201803833
453 201803841
454 201803853
455 201803861
456 201803899
457 201803906
458 201803969
459 201803970
460 201804004
461 201804018
462 201804019
463 201804133
464 201804139
465 201804149
466 201804162
467 201804185
468 201804312
469 201804383
470 201804385
471 201804486
472 201804504
473 201804518
474 201804570
475 201804576
476 201804578
477 201804579
478 201804588
479 201804644
480 201804692
481 201804826
482 201804837
483 201804861
484 201804877
485 201804925
486 201804933
487 201804934
488 201804964
489 201804987
490 201804988
491 201805040
492 201805041
493 201805203
494 201805226
495 201805238
496 201805296
497 201805304
498 201805305
499 201805306
500 201805361
501 201900076
502 201900105
503 201900107
504 201900111
505 201900112
506 201900142
507 201900143
508 201900156
509 201900187
510 201900192
511 201900225
512 201900273
